153 0.3478262 0.01 0.2666669
254
0 -5.913043 0.01 -4
1 0.6956525 12 0.5333333
1 -5.217391 0.01 -4
2 0.695652 13 0.5333333 0 0.6956525
2 -4.521739 0.01 -4
3 0.695652 1 0.695652
3 -3.826087 0.01 -4
15 0.5333333 4 0.6956522 2 0.695652
4 -3.130435 0.01 -4
3 0.6956522 16 0.5333333
5 -1.73913 0.01 -4
18 0.5333333
6 -0.3478259 0.01 -4
20 0.5333333 7 0.6956522
7 0.3478262 0.01 -4
21 0.5333333 8 0.6956522 6 0.6956522
8 1.043478 0.01 -4
9 0.6956521 22 0.5333333 7 0.6956522
9 1.739131 0.01 -4
23 0.5333333 8 0.6956521 10 0.6956521
10 2.434783 0.01 -4
24 0.5333333 11 0.6956522 9 0.6956521
11 3.130435 0.01 -4
10 0.6956522 25 0.5333333
12 -5.913043 0.01 -3.466667
0 0.5333333
13 -5.217391 0.01 -3.466667
26 0.5333333 14 0.695652 1 0.5333333
14 -4.521739 0.01 -3.466667
27 0.5333333 15 0.695652 13 0.695652
15 -3.826087 0.01 -3.466667
14 0.695652 3 0.5333333 16 0.6956522
16 -3.130435 0.01 -3.466667
4 0.5333333 15 0.6956522 17 0.6956522
17 -2.434783 0.01 -3.466667
28 0.5333333 16 0.6956522
18 -1.73913 0.01 -3.466667
19 0.6956521 29 0.5333333 5 0.5333333
19 -1.043478 0.01 -3.466667
30 0.5333333 18 0.6956521 20 0.6956522
20 -0.3478259 0.01 -3.466667
19 0.6956522 21 0.6956522 6 0.5333333
21 0.3478262 0.01 -3.466667
20 0.6956522 22 0.6956522 7 0.5333333
22 1.043478 0.01 -3.466667
21 0.6956522 33 0.5333333 8 0.5333333
23 1.739131 0.01 -3.466667
34 0.5333333 24 0.6956521 9 0.5333333
24 2.434783 0.01 -3.466667
23 0.6956521 10 0.5333333 25 0.6956522
25 3.130435 0.01 -3.466667
24 0.6956522 11 0.5333333 36 0.5333333
26 -5.217391 0.01 -2.933333
27 0.695652 13 0.5333333 39 0.5333335
27 -4.521739 0.01 -2.933333
40 0.5333335 14 0.5333333 26 0.695652
28 -2.434783 0.01 -2.933333
29 0.6956522 17 0.5333333
29 -1.73913 0.01 -2.933333
30 0.6956521 28 0.6956522 18 0.5333333
30 -1.043478 0.01 -2.933333
45 0.5333335 19 0.5333333 29 0.6956521 31 0.6956522
31 -0.3478259 0.01 -2.933333
30 0.6956522 46 0.5333335 32 0.6956522
32 0.3478262 0.01 -2.933333
33 0.6956522 31 0.6956522
33 1.043478 0.01 -2.933333
22 0.5333333 48 0.5333335 32 0.6956522
34 1.739131 0.01 -2.933333
49 0.5333335 23 0.5333333 35 0.6956521
35 2.434783 0.01 -2.933333
50 0.5333335 34 0.6956521 36 0.6956522
36 3.130435 0.01 -2.933333
35 0.6956522 25 0.5333333
37 5.217391 0.01 -2.933333
53 0.5333335
38 -7.304348 0.01 -2.4
56 0.5333333
39 -5.217391 0.01 -2.4
26 0.5333335
40 -4.521739 0.01 -2.4
41 0.695652 27 0.5333335 60 0.5333333
41 -3.826087 0.01 -2.4
42 0.6956522 40 0.695652 61 0.5333333
42 -3.130435 0.01 -2.4
43 0.6956522 41 0.6956522 62 0.5333333
43 -2.434783 0.01 -2.4
63 0.5333333 44 0.6956522 42 0.6956522
44 -1.73913 0.01 -2.4
64 0.5333333 43 0.6956522 45 0.6956521
45 -1.043478 0.01 -2.4
44 0.6956521 65 0.5333333 30 0.5333335
46 -0.3478259 0.01 -2.4
47 0.6956522 66 0.5333333 31 0.5333335
47 0.3478262 0.01 -2.4
67 0.5333333 46 0.6956522 48 0.6956522
48 1.043478 0.01 -2.4
68 0.5333333 47 0.6956522 33 0.5333335
49 1.739131 0.01 -2.4
50 0.6956521 34 0.5333335 69 0.5333333
50 2.434783 0.01 -2.4
70 0.5333333 49 0.6956521 35 0.5333335
51 3.130435 0.01 -2.4
71 0.5333333
52 3.826087 0.01 -2.4
72 0.5333333
53 5.217391 0.01 -2.4
74 0.5333333 37 0.5333335 54 0.6956525
54 5.913044 0.01 -2.4
53 0.6956525 55 0.695652
55 6.608696 0.01 -2.4
54 0.695652
56 -7.304348 0.01 -1.866667
57 0.6956525 38 0.5333333
57 -6.608696 0.01 -1.866667
58 0.695652 56 0.6956525 79 0.5333333
58 -5.913043 0.01 -1.866667
59 0.6956525 57 0.695652 80 0.5333333
59 -5.217391 0.01 -1.866667
60 0.695652 81 0.5333333 58 0.6956525
60 -4.521739 0.01 -1.866667
40 0.5333333 59 0.695652 82 0.5333333
61 -3.826087 0.01 -1.866667
41 0.5333333 83 0.5333333 62 0.6956522
62 -3.130435 0.01 -1.866667
61 0.6956522 42 0.5333333
63 -2.434783 0.01 -1.866667
85 0.5333333 64 0.6956522 43 0.5333333
64 -1.73913 0.01 -1.866667
63 0.6956522 65 0.6956521 44 0.5333333
65 -1.043478 0.01 -1.866667
64 0.6956521 45 0.5333333 66 0.6956522
66 -0.3478259 0.01 -1.866667
65 0.6956522 46 0.5333333 88 0.5333333
67 0.3478262 0.01 -1.866667
89 0.5333333 68 0.6956522 47 0.5333333
68 1.043478 0.01 -1.866667
67 0.6956522 48 0.5333333 69 0.6956521
69 1.739131 0.01 -1.866667
91 0.5333333 49 0.5333333 68 0.6956521
70 2.434783 0.01 -1.866667
92 0.5333333 50 0.5333333 71 0.6956522
71 3.130435 0.01 -1.866667
70 0.6956522 51 0.5333333 72 0.6956522
72 3.826087 0.01 -1.866667
71 0.6956522 52 0.5333333 73 0.6956522
73 4.521739 0.01 -1.866667
95 0.5333333 72 0.6956522
74 5.217391 0.01 -1.866667
96 0.5333333 75 0.6956525 53 0.5333333
75 5.913044 0.01 -1.866667
74 0.6956525 76 0.695652
76 6.608696 0.01 -1.866667
98 0.5333333 75 0.695652 77 0.695652
77 7.304348 0.01 -1.866667
76 0.695652 78 0.695652
78 8 0.01 -1.866667
99 0.5333333 77 0.695652
79 -6.608696 0.01 -1.333333
57 0.5333333 101 0.5333334
80 -5.913043 0.01 -1.333333
81 0.6956525 102 0.5333334 58 0.5333333
81 -5.217391 0.01 -1.333333
59 0.5333333 80 0.6956525 82 0.695652
82 -4.521739 0.01 -1.333333
60 0.5333333 81 0.695652 104 0.5333334
83 -3.826087 0.01 -1.333333
61 0.5333333 105 0.5333334 84 0.6956522
84 -3.130435 0.01 -1.333333
83 0.6956522
85 -2.434783 0.01 -1.333333
107 0.5333334 86 0.6956522 63 0.5333333
86 -1.73913 0.01 -1.333333
85 0.6956522 87 0.6956521 108 0.5333334
87 -1.043478 0.01 -1.333333
109 0.5333334 86 0.6956521 88 0.6956522
88 -0.3478259 0.01 -1.333333
110 0.5333334 87 0.6956522 66 0.5333333
89 0.3478262 0.01 -1.333333
111 0.5333334 90 0.6956522 67 0.5333333
90 1.043478 0.01 -1.333333
89 0.6956522 91 0.6956521 112 0.5333334
91 1.739131 0.01 -1.333333
90 0.6956521 69 0.5333333 92 0.6956521
92 2.434783 0.01 -1.333333
91 0.6956521 93 0.6956522 70 0.5333333
93 3.130435 0.01 -1.333333
92 0.6956522 94 0.6956522 115 0.5333334
94 3.826087 0.01 -1.333333
93 0.6956522 116 0.5333334 95 0.6956522
95 4.521739 0.01 -1.333333
94 0.6956522 96 0.695652 73 0.5333333
96 5.217391 0.01 -1.333333
95 0.695652 74 0.5333333 97 0.6956525
97 5.913044 0.01 -1.333333
96 0.6956525 98 0.695652 119 0.5333334
98 6.608696 0.01 -1.333333
97 0.695652 76 0.5333333
99 8 0.01 -1.333333
122 0.5333334 78 0.5333333
100 -7.304348 0.01 -0.7999998
123 0.5333334 101 0.6956525
101 -6.608696 0.01 -0.7999998
79 0.5333334 100 0.6956525
102 -5.913043 0.01 -0.7999998
80 0.5333334 124 0.5333334
103 -5.217391 0.01 -0.7999998
104 0.695652
104 -4.521739 0.01 -0.7999998
105 0.695652 82 0.5333334 103 0.695652
105 -3.826087 0.01 -0.7999998
83 0.5333334 104 0.695652 106 0.6956522
106 -3.130435 0.01 -0.7999998
105 0.6956522
107 -2.434783 0.01 -0.7999998
108 0.6956522 85 0.5333334 128 0.5333334
108 -1.73913 0.01 -0.7999998
109 0.6956521 107 0.6956522 86 0.5333334
109 -1.043478 0.01 -0.7999998
110 0.6956522 108 0.6956521 87 0.5333334
110 -0.3478259 0.01 -0.7999998
111 0.6956522 109 0.6956522 88 0.5333334
111 0.3478262 0.01 -0.7999998
132 0.5333334 89 0.5333334 110 0.6956522
112 1.043478 0.01 -0.7999998
90 0.5333334 113 0.6956521 133 0.5333334
113 1.739131 0.01 -0.7999998
112 0.6956521 134 0.5333334 114 0.6956521
114 2.434783 0.01 -0.7999998
113 0.6956521 115 0.6956522
115 3.130435 0.01 -0.7999998
93 0.5333334 114 0.6956522
116 3.826087 0.01 -0.7999998
94 0.5333334 137 0.5333334 117 0.6956522
117 4.521739 0.01 -0.7999998
138 0.5333334 116 0.6956522 118 0.695652
118 5.217391 0.01 -0.7999998
117 0.695652 119 0.6956525
119 5.913044 0.01 -0.7999998
118 0.6956525 97 0.5333334 120 0.695652
120 6.608696 0.01 -0.7999998
141 0.5333334 121 0.695652 119 0.695652
121 7.304348 0.01 -0.7999998
120 0.695652 122 0.695652
122 8 0.01 -0.7999998
121 0.695652 99 0.5333334
123 -7.304348 0.01 -0.2666665
142 0.5333334 100 0.5333334
124 -5.913043 0.01 -0.2666665
102 0.5333334 125 0.6956525
125 -5.217391 0.01 -0.2666665
126 0.695652 124 0.6956525
126 -4.521739 0.01 -0.2666665
146 0.5333334 125 0.695652 127 0.695652
127 -3.826087 0.01 -0.2666665
126 0.695652
128 -2.434783 0.01 -0.2666665
149 0.5333334 129 0.6956522 107 0.5333334
129 -1.73913 0.01 -0.2666665
150 0.5333334 130 0.6956521 128 0.6956522
130 -1.043478 0.01 -0.2666665
131 0.6956522 129 0.6956521
131 -0.3478259 0.01 -0.2666665
152 0.5333334 132 0.6956522 130 0.6956522
132 0.3478262 0.01 -0.2666665
153 0.5333334 131 0.6956522 111 0.5333334
133 1.043478 0.01 -0.2666665
112 0.5333334 154 0.5333334
134 1.739131 0.01 -0.2666665
155 0.5333334 135 0.6956521 113 0.5333334
135 2.434783 0.01 -0.2666665
134 0.6956521 156 0.5333334 136 0.6956522
136 3.130435 0.01 -0.2666665
135 0.6956522 137 0.6956522 157 0.5333334
137 3.826087 0.01 -0.2666665
136 0.6956522 138 0.6956522 116 0.5333334
138 4.521739 0.01 -0.2666665
137 0.6956522 139 0.695652 117 0.5333334
139 5.217391 0.01 -0.2666665
138 0.695652 140 0.6956525 159 0.5333334
140 5.913044 0.01 -0.2666665
139 0.6956525 160 0.5333334 141 0.695652
141 6.608696 0.01 -0.2666665
161 0.5333334 120 0.5333334 140 0.695652
142 -7.304348 0.01 0.2666669
143 0.6956525 123 0.5333334 162 0.5333334
143 -6.608696 0.01 0.2666669
144 0.695652 142 0.6956525 163 0.5333334
144 -5.913043 0.01 0.2666669
145 0.6956525 143 0.695652
145 -5.217391 0.01 0.2666669
165 0.5333334 146 0.695652 144 0.6956525
146 -4.521739 0.01 0.2666669
145 0.695652 126 0.5333334 147 0.695652
147 -3.826087 0.01 0.2666669
148 0.6956522 167 0.5333334 146 0.695652
148 -3.130435 0.01 0.2666669
149 0.6956522 168 0.5333334 147 0.6956522
149 -2.434783 0.01 0.2666669
150 0.6956522 148 0.6956522 128 0.5333334
150 -1.73913 0.01 0.2666669
151 0.6956521 149 0.6956522 129 0.5333334
151 -1.043478 0.01 0.2666669
152 0.6956522 171 0.5333334 150 0.6956521
152 -0.3478259 0.01 0.2666669
153 0.6956522 131 0.5333334 151 0.6956522 172 0.5333334
153 0.3478262 0.01 0.2666669
132 0.5333334 152 0.6956522 154 0.6956522
154 1.043478 0.01 0.2666669
153 0.6956522 174 0.5333334 155 0.6956521 133 0.5333334
155 1.739131 0.01 0.2666669
154 0.6956521 175 0.5333334 134 0.5333334
156 2.434783 0.01 0.2666669
135 0.5333334 157 0.6956522 176 0.5333334
157 3.130435 0.01 0.2666669
156 0.6956522 136 0.5333334 177 0.5333334
158 3.826087 0.01 0.2666669
178 0.5333334
159 5.217391 0.01 0.2666669
139 0.5333334 179 0.5333334 160 0.6956525
160 5.913044 0.01 0.2666669
140 0.5333334 161 0.695652 159 0.6956525
161 6.608696 0.01 0.2666669
160 0.695652 181 0.5333334 141 0.5333334
162 -7.304348 0.01 0.8000003
163 0.6956525 142 0.5333334 183 0.5333334
163 -6.608696 0.01 0.8000003
143 0.5333334 162 0.6956525 184 0.5333334
164 -5.913043 0.01 0.8000003
185 0.5333334
165 -5.217391 0.01 0.8000003
166 0.695652 145 0.5333334 186 0.5333334
166 -4.521739 0.01 0.8000003
167 0.695652 165 0.695652 187 0.5333334
167 -3.826087 0.01 0.8000003
147 0.5333334 166 0.695652 188 0.5333334
168 -3.130435 0.01 0.8000003
148 0.5333334 169 0.6956522 189 0.5333334
169 -2.434783 0.01 0.8000003
168 0.6956522 170 0.6956522 190 0.5333334
170 -1.73913 0.01 0.8000003
191 0.5333334 169 0.6956522
171 -1.043478 0.01 0.8000003
151 0.5333334 192 0.5333334 172 0.6956522
172 -0.3478259 0.01 0.8000003
173 0.6956522 171 0.6956522 193 0.5333334 152 0.5333334
173 0.3478262 0.01 0.8000003
174 0.6956522 194 0.5333334 172 0.6956522
174 1.043478 0.01 0.8000003
154 0.5333334 173 0.6956522 175 0.6956521
175 1.739131 0.01 0.8000003
174 0.6956521 155 0.5333334 176 0.6956521
176 2.434783 0.01 0.8000003
175 0.6956521 197 0.5333334 156 0.5333334
177 3.130435 0.01 0.8000003
157 0.5333334 178 0.6956522 198 0.5333334
178 3.826087 0.01 0.8000003
177 0.6956522 158 0.5333334
179 5.217391 0.01 0.8000003
159 0.5333334 201 0.5333334 180 0.6956525
180 5.913044 0.01 0.8000003
179 0.6956525 181 0.695652 202 0.5333334
181 6.608696 0.01 0.8000003
161 0.5333334 182 0.695652 180 0.695652
182 7.304348 0.01 0.8000003
181 0.695652 203 0.5333334
183 -7.304348 0.01 1.333334
162 0.5333334
184 -6.608696 0.01 1.333334
163 0.5333334 185 0.695652
185 -5.913043 0.01 1.333334
184 0.695652 164 0.5333334
186 -5.217391 0.01 1.333334
165 0.5333334 204 0.5333334 187 0.695652
187 -4.521739 0.01 1.333334
166 0.5333334 186 0.695652
188 -3.826087 0.01 1.333334
189 0.6956522 205 0.5333334 167 0.5333334
189 -3.130435 0.01 1.333334
168 0.5333334 188 0.6956522 190 0.6956522
190 -2.434783 0.01 1.333334
189 0.6956522 169 0.5333334 207 0.5333334
191 -1.73913 0.01 1.333334
192 0.6956521 170 0.5333334 208 0.5333334
192 -1.043478 0.01 1.333334
171 0.5333334 191 0.6956521 193 0.6956522
193 -0.3478259 0.01 1.333334
192 0.6956522 210 0.5333334 172 0.5333334
194 0.3478262 0.01 1.333334
173 0.5333334 195 0.6956522 211 0.5333334
195 1.043478 0.01 1.333334
194 0.6956522 212 0.5333334 196 0.6956521
196 1.739131 0.01 1.333334
197 0.6956521 195 0.6956521
197 2.434783 0.01 1.333334
176 0.5333334 214 0.5333334 196 0.6956521
198 3.130435 0.01 1.333334
177 0.5333334 199 0.6956522
199 3.826087 0.01 1.333334
198 0.6956522 200 0.6956522
200 4.521739 0.01 1.333334
199 0.6956522 216 0.5333334
201 5.217391 0.01 1.333334
179 0.5333334 202 0.6956525
202 5.913044 0.01 1.333334
201 0.6956525 180 0.5333334 217 0.5333334
203 7.304348 0.01 1.333334
182 0.5333334
204 -5.217391 0.01 1.866667
186 0.5333334
205 -3.826087 0.01 1.866667
188 0.5333334 206 0.6956522 218 0.5333333
206 -3.130435 0.01 1.866667
205 0.6956522 207 0.6956522 219 0.5333333
207 -2.434783 0.01 1.866667
206 0.6956522 190 0.5333334
208 -1.73913 0.01 1.866667
191 0.5333334 221 0.5333333 209 0.6956521
209 -1.043478 0.01 1.866667
208 0.6956521 210 0.6956522 222 0.5333333
210 -0.3478259 0.01 1.866667
211 0.6956522 209 0.6956522 193 0.5333334 223 0.5333333
211 0.3478262 0.01 1.866667
194 0.5333334 224 0.5333333 210 0.6956522
212 1.043478 0.01 1.866667
195 0.5333334 225 0.5333333 213 0.6956521
213 1.739131 0.01 1.866667
212 0.6956521 214 0.6956521 226 0.5333333
214 2.434783 0.01 1.866667
197 0.5333334 213 0.6956521 227 0.5333333
215 3.826087 0.01 1.866667
216 0.6956522
216 4.521739 0.01 1.866667
200 0.5333334 215 0.6956522
217 5.913044 0.01 1.866667
202 0.5333334
218 -3.826087 0.01 2.4
205 0.5333333
219 -3.130435 0.01 2.4
220 0.6956522 206 0.5333333
220 -2.434783 0.01 2.4
221 0.6956522 231 0.5333333 219 0.6956522
221 -1.73913 0.01 2.4
208 0.5333333 232 0.5333333 220 0.6956522
222 -1.043478 0.01 2.4
209 0.5333333 233 0.5333333 223 0.6956522
223 -0.3478259 0.01 2.4
224 0.6956522 234 0.5333333 222 0.6956522 210 0.5333333
224 0.3478262 0.01 2.4
211 0.5333333 225 0.6956522 223 0.6956522
225 1.043478 0.01 2.4
224 0.6956522 212 0.5333333 226 0.6956521
226 1.739131 0.01 2.4
213 0.5333333 227 0.6956521 225 0.6956521
227 2.434783 0.01 2.4
226 0.6956521 214 0.5333333 236 0.5333333
228 -4.521739 0.01 2.933334
237 0.5333335 229 0.695652
229 -3.826087 0.01 2.933334
230 0.6956522 228 0.695652
230 -3.130435 0.01 2.933334
231 0.6956522 229 0.6956522
231 -2.434783 0.01 2.933334
232 0.6956522 220 0.5333333 230 0.6956522
232 -1.73913 0.01 2.933334
221 0.5333333 240 0.5333335 231 0.6956522
233 -1.043478 0.01 2.933334
222 0.5333333 241 0.5333335
234 -0.3478259 0.01 2.933334
223 0.5333333 235 0.6956522 242 0.5333335
235 0.3478262 0.01 2.933334
234 0.6956522 243 0.5333335
236 2.434783 0.01 2.933334
227 0.5333333
237 -4.521739 0.01 3.466667
246 0.5333333 238 0.695652 228 0.5333335
238 -3.826087 0.01 3.466667
247 0.5333333 239 0.6956522 237 0.695652
239 -3.130435 0.01 3.466667
238 0.6956522 248 0.5333333
240 -1.73913 0.01 3.466667
232 0.5333335 250 0.5333333 241 0.6956521
241 -1.043478 0.01 3.466667
240 0.6956521 233 0.5333335 251 0.5333333
242 -0.3478259 0.01 3.466667
234 0.5333335 252 0.5333333 243 0.6956522
243 0.3478262 0.01 3.466667
242 0.6956522 235 0.5333335 244 0.6956522
244 1.043478 0.01 3.466667
243 0.6956522 245 0.6956521 253 0.5333333
245 1.739131 0.01 3.466667
244 0.6956521
246 -4.521739 0.01 4
247 0.695652 237 0.5333333
247 -3.826087 0.01 4
248 0.6956522 246 0.695652 238 0.5333333
248 -3.130435 0.01 4
249 0.6956522 247 0.6956522 239 0.5333333
249 -2.434783 0.01 4
250 0.6956522 248 0.6956522
250 -1.73913 0.01 4
240 0.5333333 249 0.6956522 251 0.6956521
251 -1.043478 0.01 4
250 0.6956521 252 0.6956522 241 0.5333333
252 -0.3478259 0.01 4
242 0.5333333 251 0.6956522
253 1.043478 0.01 4
244 0.5333